2021010110 ҩ 487 327 2021-01-01 86.37 42.45 37.00 55.00 1 ³ľ Ī˹ 
2021010210 ҩ 383 354 2021-01-02 108.32 23.54 0.00 40.00 1   
2021010310 ҩ 375 80 2021-01-03 125.42 44.04 0.00 40.00 1   
2021010410 ҩ 531 289 2021-01-04 108.32 23.54 0.00 40.00 1   
2021010510 ҩ 549 293 2021-01-05 125.42 44.04 0.00 40.00 1   
2021010610 ҩ 323 209 2021-01-06 125.42 44.04 8.32 47.23 1   
2021010710 ҩ 461 266 2021-01-07 125.42 44.04 8.32 47.23 1   
2021010810 ҩ 478 243 2021-01-08 86.37 42.45 0.00 51.30 1 ³ľ ׶ 
2021010910 ҩ 435 287 2021-01-09 108.32 23.54 0.00 40.00 1   
2021011010 ҩ 356 261 2021-01-10 86.37 42.45 0.00 51.30 1 ³ľ ׶ 
2021011110 ҩ 480 410 2021-01-11 108.32 23.54 0.00 40.00 1   
2021011210 ҩ 632 349 2021-01-12 125.42 44.04 0.00 40.00 1   
2021011310 ҩ 570 138 2021-01-13 125.42 44.04 8.32 47.23 1   
2021011410 ҩ 424 343 2021-01-14 125.42 44.04 8.32 47.23 1   
2021011510 ҩ 418 261 2021-01-15 125.42 44.04 8.32 47.23 1   
2021011610 ҩ 519 268 2021-01-16 108.32 23.54 0.00 40.00 1   
2021011710 ҩ 372 317 2021-01-17 125.42 44.04 0.00 40.00 1   
2021011810 ҩ 574 314 2021-01-18 108.32 23.54 0.00 40.00 1   
2021011910 ҩ 694 279 2021-01-19 125.42 44.04 8.32 47.23 1   
2021012010 ҩ 467 143 2021-01-20 125.42 44.04 8.32 47.23 1   
2021012110 ҩ 431 339 2021-01-21 125.42 44.04 8.32 47.23 1   
2021012210 ҩ 543 258 2021-01-22 125.42 44.04 0.00 40.00 1   
2021012310 ҩ 492 292 2021-01-23 125.42 44.04 0.00 40.00 1   
2021012410 ҩ 633 251 2021-01-24 125.42 44.04 8.32 47.23 1   
2021012510 ҩ 508 330 2021-01-25 125.42 44.04 0.00 40.00 1   
2021012610 ҩ 527 339 2021-01-26 86.37 42.45 37.00 55.00 1 ³ľ Ī˹ 
2021012710 ҩ 300 316 2021-01-27 108.32 23.54 0.00 40.00 1   
2021012810 ҩ 498 284 2021-01-28 125.42 44.04 8.32 47.23 1   
2021012910 ҩ 448 233 2021-01-29 125.42 44.04 0.00 40.00 1   
2021013010 ҩ 478 252 2021-01-30 108.32 23.54 0.00 40.00 1   
2021013110 ҩ 298 236 2021-01-31 125.42 44.04 8.32 47.23 1   
2021020110 ҩ 676 405 2021-02-01 108.32 23.54 0.00 40.00 1   
2021020210 ҩ 836 348 2021-02-02 86.37 42.45 0.00 51.30 1 ³ľ ׶ 
2021020310 ҩ 551 313 2021-02-03 108.32 23.54 0.00 40.00 1   
2021020410 ҩ 579 306 2021-02-04 125.42 44.04 0.00 40.00 1   
2021020510 ҩ 638 321 2021-02-05 86.37 42.45 0.00 51.30 1 ³ľ ׶ 
2021020610 ҩ 629 316 2021-02-06 86.37 42.45 0.00 51.30 1 ³ľ ׶ 
2021020710 ҩ 564 143 2021-02-07 125.42 44.04 8.32 47.23 1   
2021020810 ҩ 713 323 2021-02-08 86.37 42.45 0.00 51.30 1 ³ľ ׶ 
2021020910 ҩ 627 356 2021-02-09 86.37 42.45 0.00 51.30 1 ³ľ ׶ 
2021021010 ҩ 249 311 2021-02-10 86.37 42.45 0.00 51.30 1 ³ľ ׶ 
2021021110 ҩ 533 298 2021-02-11 108.32 23.54 0.00 40.00 1   
2021021210 ҩ 511 336 2021-02-12 108.32 23.54 0.00 40.00 1   
2021021310 ҩ 512 265 2021-02-13 86.37 42.45 0.00 51.30 1 ³ľ ׶ 
2021021410 ҩ 294 76 2021-02-14 86.37 42.45 37.00 55.00 1 ³ľ Ī˹ 
2021021510 ҩ 501 399 2021-02-15 125.42 44.04 0.00 40.00 1   
2021021610 ҩ 535 288 2021-02-16 86.37 42.45 37.00 55.00 1 ³ľ Ī˹ 
2021021710 ҩ 560 236 2021-02-17 86.37 42.45 0.00 51.30 1 ³ľ ׶ 
2021021810 ҩ 583 297 2021-02-18 86.37 42.45 0.00 51.30 1 ³ľ ׶ 
2021021910 ҩ 484 251 2021-02-19 108.32 23.54 0.00 40.00 1   
2021022010 ҩ 466 236 2021-02-20 125.42 44.04 0.00 40.00 1   
2021022110 ҩ 315 435 2021-02-21 108.32 23.54 0.00 40.00 1   
2021022210 ҩ 583 370 2021-02-22 108.32 23.54 0.00 40.00 1   
2021022310 ҩ 647 285 2021-02-23 125.42 44.04 8.32 47.23 1   
2021022410 ҩ 479 100 2021-02-24 125.42 44.04 0.00 40.00 1   
2021022510 ҩ 468 245 2021-02-25 108.32 23.54 0.00 40.00 1   
2021022610 ҩ 539 225 2021-02-26 86.37 42.45 37.00 55.00 1 ³ľ Ī˹ 
2021022710 ҩ 528 257 2021-02-27 86.37 42.45 0.00 51.30 1 ³ľ ׶ 
2021022810 ҩ 441 30 2021-02-28 108.32 23.54 0.00 40.00 1   
2021030110 ҩ 396 344 2021-03-01 125.42 44.04 8.32 47.23 1   
2021030210 ҩ 531 411 2021-03-02 108.32 23.54 0.00 40.00 1   
2021030310 ҩ 369 336 2021-03-03 125.42 44.04 0.00 40.00 1   
2021030410 ҩ 479 314 2021-03-04 86.37 42.45 0.00 51.30 1 ³ľ ׶ 
2021030510 ҩ 484 410 2021-03-05 86.37 42.45 0.00 51.30 1 ³ľ ׶ 
2021030610 ҩ 522 372 2021-03-06 125.42 44.04 0.00 40.00 1   
2021030710 ҩ 442 336 2021-03-07 125.42 44.04 0.00 40.00 1   
2021030810 ҩ 586 333 2021-03-08 108.32 23.54 0.00 40.00 1   
2021030910 ҩ 551 432 2021-03-09 86.37 42.45 37.00 55.00 1 ³ľ Ī˹ 
2021031010 ҩ 345 433 2021-03-10 125.42 44.04 0.00 40.00 1   
2021031110 ҩ 527 341 2021-03-11 125.42 44.04 8.32 47.23 1   
2021031210 ҩ 499 389 2021-03-12 86.37 42.45 37.00 55.00 1 ³ľ Ī˹ 
2021031310 ҩ 507 362 2021-03-13 125.42 44.04 8.32 47.23 1   
2021031410 ҩ 321 293 2021-03-14 125.42 44.04 8.32 47.23 1   
2021031510 ҩ 458 465 2021-03-15 125.42 44.04 8.32 47.23 1   
2021031610 ҩ 512 377 2021-03-16 125.42 44.04 8.32 47.23 1   
2021031710 ҩ 699 287 2021-03-17 125.42 44.04 8.32 47.23 1   
2021031810 ҩ 545 380 2021-03-18 108.32 23.54 0.00 40.00 1   
2021031910 ҩ 493 416 2021-03-19 125.42 44.04 8.32 47.23 1   
2021032010 ҩ 592 420 2021-03-20 108.32 23.54 0.00 40.00 1   
2021032110 ҩ 571 532 2021-03-21 108.32 23.54 0.00 40.00 1   
2021032210 ҩ 710 506 2021-03-22 108.32 23.54 0.00 40.00 1   
2021032310 ҩ 640 474 2021-03-23 86.37 42.45 37.00 55.00 1 ³ľ Ī˹ 
2021032410 ҩ 241 289 2021-03-24 108.32 23.54 0.00 40.00 1   
2021032510 ҩ 514 418 2021-03-25 125.42 44.04 8.32 47.23 1   
2021032610 ҩ 536 380 2021-03-26 125.42 44.04 8.32 47.23 1   
2021032710 ҩ 616 501 2021-03-27 108.32 23.54 0.00 40.00 1   
2021032810 ҩ 327 522 2021-03-28 125.42 44.04 8.32 47.23 1   
2021032910 ҩ 683 557 2021-03-29 125.42 44.04 0.00 40.00 1   
2021033010 ҩ 825 603 2021-03-30 108.32 23.54 0.00 40.00 1   
2021033110 ҩ 654 377 2021-03-31 108.32 23.54 0.00 40.00 1   
2021040110 ҩ 684 452 2021-04-01 125.42 44.04 8.32 47.23 1   
2021040210 ҩ 742 494 2021-04-02 108.32 23.54 0.00 40.00 1   
2021040310 ҩ 717 574 2021-04-03 125.42 44.04 0.00 40.00 1   
2021040410 ҩ 611 523 2021-04-04 86.37 42.45 37.00 55.00 1 ³ľ Ī˹ 
2021040510 ҩ 665 570 2021-04-05 86.37 42.45 37.00 55.00 1 ³ľ Ī˹ 
2021040610 ҩ 747 434 2021-04-06 125.42 44.04 8.32 47.23 1   
2021040710 ҩ 888 437 2021-04-07 108.32 23.54 0.00 40.00 1   
2021040810 ҩ 766 467 2021-04-08 108.32 23.54 0.00 40.00 1   
2021040910 ҩ 615 504 2021-04-09 108.32 23.54 0.00 40.00 1   
2021041010 ҩ 759 458 2021-04-10 108.32 23.54 0.00 40.00 1   
2021041110 ҩ 437 443 2021-04-11 108.32 23.54 0.00 40.00 1   
2021041210 ҩ 853 592 2021-04-12 125.42 44.04 8.32 47.23 1   
2021041310 ҩ 794 489 2021-04-13 86.37 42.45 0.00 51.30 1 ³ľ ׶ 
2021041410 ҩ 583 555 2021-04-14 86.37 42.45 37.00 55.00 1 ³ľ Ī˹ 
2021041510 ҩ 718 504 2021-04-15 86.37 42.45 0.00 51.30 1 ³ľ ׶ 
2021041610 ҩ 694 518 2021-04-16 125.42 44.04 8.32 47.23 1   
2021041710 ҩ 780 476 2021-04-17 86.37 42.45 0.00 51.30 1 ³ľ ׶ 
2021041810 ҩ 383 416 2021-04-18 125.42 44.04 0.00 40.00 1   
2021041910 ҩ 878 525 2021-04-19 125.42 44.04 0.00 40.00 1   
2021042010 ҩ 905 698 2021-04-20 86.37 42.45 37.00 55.00 1 ³ľ Ī˹ 
2021042110 ҩ 586 684 2021-04-21 108.32 23.54 0.00 40.00 1   
2021042210 ҩ 793 521 2021-04-22 86.37 42.45 37.00 55.00 1 ³ľ Ī˹ 
2021042310 ҩ 623 479 2021-04-23 86.37 42.45 0.00 51.30 1 ³ľ ׶ 
2021042410 ҩ 796 551 2021-04-24 125.42 44.04 8.32 47.23 1   
2021042510 ҩ 603 421 2021-04-25 86.37 42.45 37.00 55.00 1 ³ľ Ī˹ 
2021042610 ҩ 758 501 2021-04-26 86.37 42.45 37.00 55.00 1 ³ľ Ī˹ 
2021042710 ҩ 694 529 2021-04-27 108.32 23.54 0.00 40.00 1   
2021042810 ҩ 672 462 2021-04-28 86.37 42.45 0.00 51.30 1 ³ľ ׶ 
2021042910 ҩ 745 510 2021-04-29 125.42 44.04 8.32 47.23 1   
2021043010 ҩ 556 513 2021-04-30 86.37 42.45 37.00 55.00 1 ³ľ Ī˹ 
2021050110 ҩ 943 624 2021-05-01 125.42 44.04 8.32 47.23 1   
2021050210 ҩ 1205 931 2021-05-02 125.42 44.04 8.32 47.23 1   
2021050310 ҩ 991 626 2021-05-03 86.37 42.45 0.00 51.30 1 ³ľ ׶ 
2021050410 ҩ 1119 676 2021-05-04 108.32 23.54 0.00 40.00 1   
2021050510 ҩ 498 822 2021-05-05 86.37 42.45 37.00 55.00 1 ³ľ Ī˹ 
2021050610 ҩ 1006 613 2021-05-06 108.32 23.54 0.00 40.00 1   
2021050710 ҩ 877 577 2021-05-07 125.42 44.04 8.32 47.23 1   
2021050810 ҩ 978 560 2021-05-08 86.37 42.45 37.00 55.00 1 ³ľ Ī˹ 
2021050910 ҩ 965 766 2021-05-09 86.37 42.45 37.00 55.00 1 ³ľ Ī˹ 
2021051010 ҩ 1071 461 2021-05-10 108.32 23.54 0.00 40.00 1   
2021051110 ҩ 1049 583 2021-05-11 108.32 23.54 0.00 40.00 1   
2021051210 ҩ 408 345 2021-05-12 125.42 44.04 8.32 47.23 1   
2021051310 ҩ 952 421 2021-05-13 125.42 44.04 0.00 40.00 1   
2021051410 ҩ 875 413 2021-05-14 125.42 44.04 8.32 47.23 1   
2021051510 ҩ 837 492 2021-05-15 125.42 44.04 8.32 47.23 1   
2021051610 ҩ 419 451 2021-05-16 125.42 44.04 0.00 40.00 1   
2021051710 ҩ 748 568 2021-05-17 125.42 44.04 0.00 40.00 1   
2021051810 ҩ 691 485 2021-05-18 86.37 42.45 37.00 55.00 1 ³ľ Ī˹ 
2021051910 ҩ 1024 41 2021-05-19 125.42 44.04 0.00 40.00 1   
2021052010 ҩ 672 433 2021-05-20 125.42 44.04 8.32 47.23 1   
2021052110 ҩ 707 325 2021-05-21 125.42 44.04 0.00 40.00 1   
2021052210 ҩ 776 348 2021-05-22 86.37 42.45 37.00 55.00 1 ³ľ Ī˹ 
2021052310 ҩ 974 37 2021-05-23 86.37 42.45 0.00 51.30 1 ³ľ ׶ 
2021052410 ҩ 720 356 2021-05-24 86.37 42.45 37.00 55.00 1 ³ľ Ī˹ 
2021052510 ҩ 545 397 2021-05-25 125.42 44.04 0.00 40.00 1   
2021052610 ҩ 105 52 2021-05-26 86.37 42.45 0.00 51.30 1 ³ľ ׶ 
2021052710 ҩ 657 388 2021-05-27 108.32 23.54 0.00 40.00 1   
2021052810 ҩ 550 281 2021-05-28 108.32 23.54 0.00 40.00 1   
2021052910 ҩ 618 336 2021-05-29 108.32 23.54 0.00 40.00 1   
2021053010 ҩ 715 448 2021-05-30 86.37 42.45 37.00 55.00 1 ³ľ Ī˹ 
2021053110 ҩ 533 247 2021-05-31 86.37 42.45 37.00 55.00 1 ³ľ Ī˹ 
2021060110 ҩ 671 284 2021-06-01 86.37 42.45 0.00 51.30 1 ³ľ ׶ 
2021060210 ҩ 537 130 2021-06-02 125.42 44.04 8.32 47.23 1   
2021060310 ҩ 539 312 2021-06-03 86.37 42.45 37.00 55.00 1 ³ľ Ī˹ 
2021060410 ҩ 640 324 2021-06-04 86.37 42.45 37.00 55.00 1 ³ľ Ī˹ 
2021060510 ҩ 652 265 2021-06-05 125.42 44.04 0.00 40.00 1   
2021060610 ҩ 645 501 2021-06-06 108.32 23.54 0.00 40.00 1   
2021060710 ҩ 637 339 2021-06-07 125.42 44.04 8.32 47.23 1   
2021060810 ҩ 787 311 2021-06-08 108.32 23.54 0.00 40.00 1   
2021060910 ҩ 305 66 2021-06-09 108.32 23.54 0.00 40.00 1   
2021061010 ҩ 776 284 2021-06-10 125.42 44.04 0.00 40.00 1   
2021061110 ҩ 595 275 2021-06-11 108.32 23.54 0.00 40.00 1   
2021061210 ҩ 684 244 2021-06-12 108.32 23.54 0.00 40.00 1   
2021061310 ҩ 174 46 2021-06-13 125.42 44.04 0.00 40.00 1   
2021061410 ҩ 661 261 2021-06-14 108.32 23.54 0.00 40.00 1   
2021061510 ҩ 756 408 2021-06-15 86.37 42.45 37.00 55.00 1 ³ľ Ī˹ 
2021061610 ҩ 649 44 2021-06-16 86.37 42.45 0.00 51.30 1 ³ľ ׶ 
2021061710 ҩ 898 374 2021-06-17 108.32 23.54 0.00 40.00 1   
2021061810 ҩ 866 311 2021-06-18 86.37 42.45 37.00 55.00 1 ³ľ Ī˹ 
2021061910 ҩ 849 345 2021-06-19 125.42 44.04 8.32 47.23 1   
2021062010 ҩ 950 529 2021-06-20 108.32 23.54 0.00 40.00 1   
2021062110 ҩ 787 407 2021-06-21 86.37 42.45 37.00 55.00 1 ³ľ Ī˹ 
2021062210 ҩ 860 442 2021-06-22 125.42 44.04 8.32 47.23 1   
2021062310 ҩ 1077 91 2021-06-23 86.37 42.45 0.00 51.30 1 ³ľ ׶ 
2021062410 ҩ 943 488 2021-06-24 125.42 44.04 8.32 47.23 1   
2021062510 ҩ 1017 463 2021-06-25 125.42 44.04 0.00 40.00 1   
2021062610 ҩ 1093 449 2021-06-26 108.32 23.54 0.00 40.00 1   
2021062710 ҩ 531 500 2021-06-27 125.42 44.04 8.32 47.23 1   
2021062810 ҩ 1076 496 2021-06-28 86.37 42.45 37.00 55.00 1 ³ľ Ī˹ 
2021062910 ҩ 1332 441 2021-06-29 86.37 42.45 37.00 55.00 1 ³ľ Ī˹ 
2021063010 ҩ 1209 685 2021-06-30 108.32 23.54 0.00 40.00 1   
2021070110 ҩ 857 546 2021-07-01 108.32 23.54 0.00 40.00 1   
2021070210 ҩ 637 470 2021-07-02 125.42 44.04 8.32 47.23 1   
2021070310 ҩ 608 363 2021-07-03 86.37 42.45 37.00 55.00 1 ³ľ Ī˹ 
2021070410 ҩ 334 200 2021-07-04 108.32 23.54 0.00 40.00 1   
2021070510 ҩ 742 498 2021-07-05 86.37 42.45 0.00 51.30 1 ³ľ ׶ 
2021070610 ҩ 802 429 2021-07-06 86.37 42.45 0.00 51.30 1 ³ľ ׶ 
2021070710 ҩ 463 85 2021-07-07 86.37 42.45 0.00 51.30 1 ³ľ ׶ 
2021070810 ҩ 615 473 2021-07-08 108.32 23.54 0.00 40.00 1   
2021070910 ҩ 656 368 2021-07-09 125.42 44.04 8.32 47.23 1   
2021071010 ҩ 536 468 2021-07-10 125.42 44.04 8.32 47.23 1   
2021071110 ҩ 613 266 2021-07-11 125.42 44.04 8.32 47.23 1   
2021071210 ҩ 547 352 2021-07-12 125.42 44.04 8.32 47.23 1   
2021071310 ҩ 701 498 2021-07-13 108.32 23.54 0.00 40.00 1   
2021071410 ҩ 833 66 2021-07-14 125.42 44.04 8.32 47.23 1   
2021071510 ҩ 546 430 2021-07-15 108.32 23.54 0.00 40.00 1   
2021071610 ҩ 547 411 2021-07-16 86.37 42.45 0.00 51.30 1 ³ľ ׶ 
2021071710 ҩ 652 407 2021-07-17 125.42 44.04 8.32 47.23 1   
2021071810 ҩ 187 299 2021-07-18 108.32 23.54 0.00 40.00 1   
2021071910 ҩ 797 411 2021-07-19 108.32 23.54 0.00 40.00 1   
2021072010 ҩ 731 377 2021-07-20 125.42 44.04 0.00 40.00 1   
2021072110 ҩ 585 95 2021-07-21 86.37 42.45 0.00 51.30 1 ³ľ ׶ 
2021072210 ҩ 585 395 2021-07-22 108.32 23.54 0.00 40.00 1   
2021072310 ҩ 748 407 2021-07-23 86.37 42.45 0.00 51.30 1 ³ľ ׶ 
2021072410 ҩ 587 437 2021-07-24 125.42 44.04 8.32 47.23 1   
2021072510 ҩ 465 28 2021-07-25 86.37 42.45 0.00 51.30 1 ³ľ ׶ 
2021072610 ҩ 608 448 2021-07-26 108.32 23.54 0.00 40.00 1   
2021072710 ҩ 608 475 2021-07-27 86.37 42.45 37.00 55.00 1 ³ľ Ī˹ 
2021072810 ҩ 720 549 2021-07-28 108.32 23.54 0.00 40.00 1   
2021072910 ҩ 724 354 2021-07-29 108.32 23.54 0.00 40.00 1   
2021073010 ҩ 666 410 2021-07-30 108.32 23.54 0.00 40.00 1   
2021073110 ҩ 711 481 2021-07-31 125.42 44.04 8.32 47.23 1   
2021080110 ҩ 801 123 2021-08-01 108.32 23.54 0.00 40.00 1   
2021080210 ҩ 644 434 2021-08-02 86.37 42.45 37.00 55.00 1 ³ľ Ī˹ 
2021080310 ҩ 683 503 2021-08-03 86.37 42.45 37.00 55.00 1 ³ľ Ī˹ 
2021080410 ҩ 664 155 2021-08-04 86.37 42.45 37.00 55.00 1 ³ľ Ī˹ 
2021080510 ҩ 505 526 2021-08-05 108.32 23.54 0.00 40.00 1   
2021080610 ҩ 707 543 2021-08-06 108.32 23.54 0.00 40.00 1   
2021080710 ҩ 576 403 2021-08-07 86.37 42.45 37.00 55.00 1 ³ľ Ī˹ 
2021080810 ҩ 492 72 2021-08-08 125.42 44.04 0.00 40.00 1   
2021080910 ҩ 662 392 2021-08-09 108.32 23.54 0.00 40.00 1   
2021081010 ҩ 599 624 2021-08-10 125.42 44.04 0.00 40.00 1   
2021081110 ҩ 471 121 2021-08-11 125.42 44.04 0.00 40.00 1   
2021081210 ҩ 692 484 2021-08-12 125.42 44.04 0.00 40.00 1   
2021081310 ҩ 724 427 2021-08-13 86.37 42.45 0.00 51.30 1 ³ľ ׶ 
2021081410 ҩ 543 469 2021-08-14 125.42 44.04 8.32 47.23 1   
2021081510 ҩ 659 103 2021-08-15 125.42 44.04 8.32 47.23 1   
2021081610 ҩ 791 606 2021-08-16 125.42 44.04 8.32 47.23 1   
2021081710 ҩ 759 455 2021-08-17 125.42 44.04 0.00 40.00 1   
2021081810 ҩ 787 273 2021-08-18 125.42 44.04 0.00 40.00 1   
2021081910 ҩ 587 578 2021-08-19 125.42 44.04 0.00 40.00 1   
2021082010 ҩ 669 509 2021-08-20 86.37 42.45 0.00 51.30 1 ³ľ ׶ 
2021082110 ҩ 614 446 2021-08-21 125.42 44.04 8.32 47.23 1   
2021082210 ҩ 684 162 2021-08-22 125.42 44.04 0.00 40.00 1   
2021082310 ҩ 654 556 2021-08-23 108.32 23.54 0.00 40.00 1   
2021082410 ҩ 592 572 2021-08-24 108.32 23.54 0.00 40.00 1   
2021082510 ҩ 344 54 2021-08-25 108.32 23.54 0.00 40.00 1   
2021082610 ҩ 604 480 2021-08-26 86.37 42.45 0.00 51.30 1 ³ľ ׶ 
2021082710 ҩ 712 497 2021-08-27 108.32 23.54 0.00 40.00 1   
2021082810 ҩ 669 627 2021-08-28 108.32 23.54 0.00 40.00 1   
2021082910 ҩ 713 338 2021-08-29 108.32 23.54 0.00 40.00 1   
2021083010 ҩ 681 544 2021-08-30 108.32 23.54 0.00 40.00 1   
2021083110 ҩ 757 445 2021-08-31 125.42 44.04 0.00 40.00 1   
2021090110 ҩ 599 659 2021-09-01 125.42 44.04 0.00 40.00 1   
2021090210 ҩ 926 568 2021-09-02 108.32 23.54 0.00 40.00 1   
2021090310 ҩ 877 511 2021-09-03 108.32 23.54 0.00 40.00 1   
2021090410 ҩ 840 516 2021-09-04 125.42 44.04 0.00 40.00 1   
2021090510 ҩ 593 389 2021-09-05 108.32 23.54 0.00 40.00 1   
2021090610 ҩ 955 554 2021-09-06 86.37 42.45 0.00 51.30 1 ³ľ ׶ 
2021090710 ҩ 916 594 2021-09-07 125.42 44.04 0.00 40.00 1   
2021090810 ҩ 869 495 2021-09-08 86.37 42.45 37.00 55.00 1 ³ľ Ī˹ 
2021090910 ҩ 851 498 2021-09-09 108.32 23.54 0.00 40.00 1   
2021091010 ҩ 957 621 2021-09-10 86.37 42.45 0.00 51.30 1 ³ľ ׶ 
2021091110 ҩ 892 591 2021-09-11 108.32 23.54 0.00 40.00 1   
2021091210 ҩ 1087 243 2021-09-12 86.37 42.45 0.00 51.30 1 ³ľ ׶ 
2021091310 ҩ 981 498 2021-09-13 86.37 42.45 37.00 55.00 1 ³ľ Ī˹ 
2021091410 ҩ 921 644 2021-09-14 108.32 23.54 0.00 40.00 1   
2021091510 ҩ 470 66 2021-09-15 86.37 42.45 0.00 51.30 1 ³ľ ׶ 
2021091610 ҩ 775 622 2021-09-16 108.32 23.54 0.00 40.00 1   
2021091710 ҩ 866 632 2021-09-17 125.42 44.04 8.32 47.23 1   
2021091810 ҩ 857 581 2021-09-18 108.32 23.54 0.00 40.00 1   
2021091910 ҩ 998 400 2021-09-19 125.42 44.04 0.00 40.00 1   
2021092010 ҩ 842 525 2021-09-20 86.37 42.45 0.00 51.30 1 ³ľ ׶ 
2021092110 ҩ 941 722 2021-09-21 108.32 23.54 0.00 40.00 1   
2021092210 ҩ 638 628 2021-09-22 108.32 23.54 0.00 40.00 1   
2021092310 ҩ 768 505 2021-09-23 108.32 23.54 0.00 40.00 1   
2021092410 ҩ 817 589 2021-09-24 108.32 23.54 0.00 40.00 1   
2021092510 ҩ 852 571 2021-09-25 86.37 42.45 0.00 51.30 1 ³ľ ׶ 
2021092610 ҩ 236 539 2021-09-26 125.42 44.04 0.00 40.00 1   
2021092710 ҩ 875 455 2021-09-27 108.32 23.54 0.00 40.00 1   
2021092810 ҩ 745 705 2021-09-28 108.32 23.54 0.00 40.00 1   
2021092910 ҩ 462 207 2021-09-29 108.32 23.54 0.00 40.00 1   
2021093010 ҩ 890 584 2021-09-30 86.37 42.45 37.00 55.00 1 ³ľ Ī˹ 
2021100110 ҩ 828 354 2021-10-01 86.37 42.45 37.00 55.00 1 ³ľ Ī˹ 
2021100210 ҩ 715 478 2021-10-02 108.32 23.54 0.00 40.00 1   
2021100310 ҩ 219 500 2021-10-03 125.42 44.04 8.32 47.23 1   
2021100410 ҩ 804 397 2021-10-04 86.37 42.45 0.00 51.30 1 ³ľ ׶ 
2021100510 ҩ 813 462 2021-10-05 86.37 42.45 0.00 51.30 1 ³ľ ׶ 
2021100610 ҩ 521 10 2021-10-06 125.42 44.04 0.00 40.00 1   
2021100710 ҩ 763 506 2021-10-07 86.37 42.45 0.00 51.30 1 ³ľ ׶ 
2021100810 ҩ 713 351 2021-10-08 125.42 44.04 8.32 47.23 1   
2021100910 ҩ 684 414 2021-10-09 108.32 23.54 0.00 40.00 1   
2021101010 ҩ 777 86 2021-10-10 125.42 44.04 0.00 40.00 1   
2021101110 ҩ 839 512 2021-10-11 108.32 23.54 0.00 40.00 1   
2021101210 ҩ 857 526 2021-10-12 125.42 44.04 8.32 47.23 1   
2021101310 ҩ 999 635 2021-10-13 125.42 44.04 0.00 40.00 1   
2021101410 ҩ 773 387 2021-10-14 125.42 44.04 0.00 40.00 1   
2021101510 ҩ 809 402 2021-10-15 125.42 44.04 0.00 40.00 1   
2021101610 ҩ 768 518 2021-10-16 86.37 42.45 0.00 51.30 1 ³ľ ׶ 
2021101710 ҩ 951 632 2021-10-17 86.37 42.45 37.00 55.00 1 ³ľ Ī˹ 
2021101810 ҩ 763 496 2021-10-18 108.32 23.54 0.00 40.00 1   
2021101910 ҩ 919 464 2021-10-19 125.42 44.04 0.00 40.00 1   
2021102010 ҩ 433 220 2021-10-20 125.42 44.04 8.32 47.23 1   
2021102110 ҩ 702 484 2021-10-21 125.42 44.04 0.00 40.00 1   
2021102210 ҩ 857 457 2021-10-22 86.37 42.45 37.00 55.00 1 ³ľ Ī˹ 
2021102310 ҩ 786 394 2021-10-23 108.32 23.54 0.00 40.00 1   
2021102410 ҩ 571 610 2021-10-24 86.37 42.45 0.00 51.30 1 ³ľ ׶ 
2021102510 ҩ 748 391 2021-10-25 125.42 44.04 0.00 40.00 1   
2021102610 ҩ 915 466 2021-10-26 108.32 23.54 0.00 40.00 1   
2021102710 ҩ 504 248 2021-10-27 86.37 42.45 37.00 55.00 1 ³ľ Ī˹ 
2021102810 ҩ 793 445 2021-10-28 108.32 23.54 0.00 40.00 1   
2021102910 ҩ 709 474 2021-10-29 86.37 42.45 0.00 51.30 1 ³ľ ׶ 
2021103010 ҩ 828 562 2021-10-30 86.37 42.45 37.00 55.00 1 ³ľ Ī˹ 
2021103110 ҩ 369 514 2021-10-31 86.37 42.45 0.00 51.30 1 ³ľ ׶ 
2021110110 ҩ 539 294 2021-11-01 108.32 23.54 0.00 40.00 1   
2021110210 ҩ 443 323 2021-11-02 108.32 23.54 0.00 40.00 1   
2021110310 ҩ 560 163 2021-11-03 125.42 44.04 0.00 40.00 1   
2021110410 ҩ 476 230 2021-11-04 86.37 42.45 0.00 51.30 1 ³ľ ׶ 
2021110510 ҩ 509 239 2021-11-05 108.32 23.54 0.00 40.00 1   
2021110610 ҩ 463 295 2021-11-06 108.32 23.54 0.00 40.00 1   
2021110710 ҩ 198 374 2021-11-07 125.42 44.04 0.00 40.00 1   
2021110810 ҩ 450 238 2021-11-08 86.37 42.45 37.00 55.00 1 ³ľ Ī˹ 
2021110910 ҩ 483 388 2021-11-09 108.32 23.54 0.00 40.00 1   
2021111010 ҩ 291 47 2021-11-10 125.42 44.04 0.00 40.00 1   
2021111110 ҩ 466 219 2021-11-11 125.42 44.04 8.32 47.23 1   
2021111210 ҩ 424 275 2021-11-12 125.42 44.04 0.00 40.00 1   
2021111310 ҩ 536 232 2021-11-13 86.37 42.45 37.00 55.00 1 ³ľ Ī˹ 
2021111410 ҩ 276 250 2021-11-14 125.42 44.04 8.32 47.23 1   
2021111510 ҩ 492 249 2021-11-15 108.32 23.54 0.00 40.00 1   
2021111610 ҩ 507 293 2021-11-16 86.37 42.45 0.00 51.30 1 ³ľ ׶ 
2021111710 ҩ 187 232 2021-11-17 125.42 44.04 8.32 47.23 1   
2021111810 ҩ 483 198 2021-11-18 86.37 42.45 37.00 55.00 1 ³ľ Ī˹ 
2021111910 ҩ 453 222 2021-11-19 125.42 44.04 8.32 47.23 1   
2021112010 ҩ 518 233 2021-11-20 86.37 42.45 0.00 51.30 1 ³ľ ׶ 
2021112110 ҩ 635 161 2021-11-21 86.37 42.45 0.00 51.30 1 ³ľ ׶ 
2021112210 ҩ 612 258 2021-11-22 86.37 42.45 0.00 51.30 1 ³ľ ׶ 
2021112310 ҩ 510 332 2021-11-23 86.37 42.45 37.00 55.00 1 ³ľ Ī˹ 
2021112410 ҩ 555 151 2021-11-24 86.37 42.45 0.00 51.30 1 ³ľ ׶ 
2021112510 ҩ 469 242 2021-11-25 108.32 23.54 0.00 40.00 1   
2021112610 ҩ 496 260 2021-11-26 86.37 42.45 37.00 55.00 1 ³ľ Ī˹ 
2021112710 ҩ 427 313 2021-11-27 86.37 42.45 0.00 51.30 1 ³ľ ׶ 
2021112810 ҩ 265 333 2021-11-28 108.32 23.54 0.00 40.00 1   
2021112910 ҩ 538 252 2021-11-29 86.37 42.45 0.00 51.30 1 ³ľ ׶ 
2021113010 ҩ 550 285 2021-11-30 108.32 23.54 0.00 40.00 1   
2021120110 ҩ 502 89 2021-12-01 125.42 44.04 0.00 40.00 1   
2021120210 ҩ 547 264 2021-12-02 86.37 42.45 0.00 51.30 1 ³ľ ׶ 
2021120310 ҩ 533 233 2021-12-03 86.37 42.45 37.00 55.00 1 ³ľ Ī˹ 
2021120410 ҩ 572 197 2021-12-04 125.42 44.04 0.00 40.00 1   
2021120510 ҩ 392 292 2021-12-05 108.32 23.54 0.00 40.00 1   
2021120610 ҩ 616 205 2021-12-06 125.42 44.04 0.00 40.00 1   
2021120710 ҩ 474 205 2021-12-07 108.32 23.54 0.00 40.00 1   
2021120810 ҩ 512 141 2021-12-08 108.32 23.54 0.00 40.00 1   
2021120910 ҩ 591 189 2021-12-09 108.32 23.54 0.00 40.00 1   
2021121010 ҩ 511 236 2021-12-10 108.32 23.54 0.00 40.00 1   
2021121110 ҩ 619 258 2021-12-11 108.32 23.54 0.00 40.00 1   
2021121210 ҩ 459 326 2021-12-12 108.32 23.54 0.00 40.00 1   
2021121310 ҩ 622 178 2021-12-13 86.37 42.45 0.00 51.30 1 ³ľ ׶ 
2021121410 ҩ 593 336 2021-12-14 108.32 23.54 0.00 40.00 1   
2021121510 ҩ 641 303 2021-12-15 108.32 23.54 0.00 40.00 1   
2021121610 ҩ 512 241 2021-12-16 125.42 44.04 8.32 47.23 1   
2021121710 ҩ 569 240 2021-12-17 108.32 23.54 0.00 40.00 1   
2021121810 ҩ 631 286 2021-12-18 86.37 42.45 0.00 51.30 1 ³ľ ׶ 
2021121910 ҩ 558 316 2021-12-19 125.42 44.04 0.00 40.00 1   
2021122010 ҩ 597 263 2021-12-20 108.32 23.54 0.00 40.00 1   
2021122110 ҩ 541 202 2021-12-21 108.32 23.54 0.00 40.00 1   
2021122210 ҩ 408 248 2021-12-22 108.32 23.54 0.00 40.00 1   
2021122310 ҩ 618 216 2021-12-23 125.42 44.04 0.00 40.00 1   
2021122410 ҩ 612 259 2021-12-24 125.42 44.04 0.00 40.00 1   
2021122510 ҩ 528 234 2021-12-25 108.32 23.54 0.00 40.00 1   
2021122610 ҩ 345 50 2021-12-26 86.37 42.45 37.00 55.00 1 ³ľ Ī˹ 
2021122710 ҩ 720 209 2021-12-27 86.37 42.45 37.00 55.00 1 ³ľ Ī˹ 
2021122810 ҩ 573 265 2021-12-28 125.42 44.04 8.32 47.23 1   
2021122910 ҩ 581 145 2021-12-29 86.37 42.45 0.00 51.30 1 ³ľ ׶ 
2021123010 ҩ 507 279 2021-12-30 86.37 42.45 37.00 55.00 1 ³ľ Ī˹ 
2021123110 ҩ 539 221 2021-12-31 108.32 23.54 0.00 40.00 1   
